ADA: 12833.77
BTC: 14741.673590440001
ETH: 10048.87
LTC: 12781.79378354114
SOL: 14557.38
TRX: 24607.797084
