ADA: 2798671.1533529176
BTC: 5546915.054109076
ETH: -410307.0329298202
LTC: -11613.188351821354
SOL: 10697728.89730541
TRX: 18555820.590837818
