ADA: 4138896.4038706315
BTC: 2977036.029911397
ETH: 0.0
LTC: 0.0
SOL: 4391793.543586166
TRX: 11949018.905936798
