ADA: 23586.726936918876
BTC: 15059.888624520001
ETH: 10034.48
LTC: 12191.759067059249
SOL: 14126.1012666488
TRX: 17881.31600666599
